%YAML:1.0
---
M1: !!opencv-matrix
   rows: 3
   cols: 3
   dt: d
   data: [ 1.2076273980335018e+03, 0., 1.0315728469719268e+03, 0.,
       1.2083645889178033e+03, 7.7883545645156482e+02, 0., 0., 1. ]
M2: !!opencv-matrix
   rows: 3
   cols: 3
   dt: d
   data: [ 1.2085752495406473e+03, 0., 1.0109254185126169e+03, 0.,
       1.2091107847313606e+03, 7.4575038290729992e+02, 0., 0., 1. ]
D1: !!opencv-matrix
   rows: 1
   cols: 5
   dt: d
   data: [ -1.0024646063586580e-01, 9.4926329396922846e-02,
       -4.1041981683590130e-04, 1.3092542744552408e-03,
       -1.9713267193767214e-02 ]
D2: !!opencv-matrix
   rows: 1
   cols: 5
   dt: d
   data: [ -1.0644932326164043e-01, 1.0759821544336641e-01,
       -2.3167663213788338e-04, 1.8183758953219245e-04,
       -3.2935705527851120e-02 ]
R: !!opencv-matrix
   rows: 3
   cols: 3
   dt: d
   data: [ 9.9998874673297511e-01, -2.2443995125216217e-03,
       -4.1796026416227837e-03, 2.2766183722185062e-03,
       9.9996760988016065e-01, 7.7198574692918373e-03,
       4.1621408194515239e-03, -7.7292859558368331e-03,
       9.9996146661879526e-01 ]
T: !!opencv-matrix
   rows: 3
   cols: 1
   dt: d
   data: [ -3.7988344631364961e-02, -1.6874984894602407e-04,
       -2.4771042037344802e-04 ]
E: !!opencv-matrix
   rows: 3
   cols: 3
   dt: d
   data: [ -1.3841854056236438e-07, 2.4900671284075476e-04,
       -1.6683105730482502e-04, -8.9594792968346445e-05,
       -2.9306681749796605e-04, 3.7987916143127291e-02,
       8.2262986640979738e-05, -3.7987492926408566e-02,
       -2.9396991336290347e-04 ]
F: !!opencv-matrix
   rows: 3
   cols: 3
   dt: d
   data: [ -1.1854093113685743e-10, 2.1311798008203831e-07,
       -3.3839922537549840e-04, -7.6694538740951842e-08,
       -2.5071671307333579e-07, 3.9544310412493934e-02,
       1.4245846248835855e-04, -3.9322214049217000e-02, 1. ]
R1: !!opencv-matrix
   rows: 3
   cols: 3
   dt: d
   data: [ 9.9999487443172141e-01, 2.1471374514652848e-03,
       2.3750602203149061e-03, -2.1562968440045223e-03,
       9.9999022274202209e-01, 3.8606740708646767e-03,
       -2.3667476008529648e-03, -3.8657756175735107e-03,
       9.9998972708956779e-01 ]
R2: !!opencv-matrix
   rows: 3
   cols: 3
   dt: d
   data: [ 9.9996887538015578e-01, 4.4420097350634140e-03,
       6.5204923479799098e-03, -4.4167862306140476e-03,
       9.9998272772742069e-01, -3.8776598896886286e-03,
       -6.5376043272379874e-03, 3.8487395781792947e-03,
       9.9997122305260355e-01 ]
P1: !!opencv-matrix
   rows: 3
   cols: 4
   dt: d
   data: [ 1.0648671195236093e+03, 0., 1.0150104446411133e+03, 0., 0.,
       1.0648671195236093e+03, 7.6206941223144531e+02, 0., 0., 0., 1.,
       0. ]
P2: !!opencv-matrix
   rows: 3
   cols: 4
   dt: d
   data: [ 1.0648671195236093e+03, 0., 1.0150104446411133e+03,
       -4.0453798232162995e+01, 0., 1.0648671195236093e+03,
       7.6206941223144531e+02, 0., 0., 0., 1., 0. ]
Q: !!opencv-matrix
   rows: 4
   cols: 4
   dt: d
   data: [ 1., 0., 0., -1.0150104446411133e+03, 0., 1., 0.,
       -7.6206941223144531e+02, 0., 0., 0., 1.0648671195236093e+03, 0.,
       0., 2.6323044214844113e+01, 0. ]
