<?xml version="1.0"?>
<opencv_storage>
<M1 type_id="opencv-matrix">
  <rows>3</rows>
  <cols>3</cols>
  <dt>d</dt>
  <data>
    7.4254069457450657e+02 0. 6.3142289548052452e+02 0.
    7.4262575107978500e+02 4.8713510526398471e+02 0. 0. 1.</data></M1>
<M2 type_id="opencv-matrix">
  <rows>3</rows>
  <cols>3</cols>
  <dt>d</dt>
  <data>
    7.5040957033036295e+02 0. 6.3161531337475265e+02 0.
    7.5083198234154077e+02 4.8537152468132018e+02 0. 0. 1.</data></M2>
<D1 type_id="opencv-matrix">
  <rows>14</rows>
  <cols>1</cols>
  <dt>d</dt>
  <data>
    4.3413951442055371e-01 -5.5842469227422080e-02
    -2.1693070392271070e-04 5.5113761832103429e-04
    7.1887755582961867e-03 8.1316486157199219e-01 0. 0. 0. 0. 0. 0. 0.
    0.</data></D1>
<D2 type_id="opencv-matrix">
  <rows>14</rows>
  <cols>1</cols>
  <dt>d</dt>
  <data>
    3.9237022763087503e-01 -4.1970470582672052e-02
    -2.6571716536672786e-04 1.6920498020628203e-04
    3.9575912098914904e-03 7.7046707186801711e-01 0. 0. 0. 0. 0. 0. 0.
    0.</data></D2>
<R type_id="opencv-matrix">
  <rows>3</rows>
  <cols>3</cols>
  <dt>d</dt>
  <data>
    9.9996415707128417e-01 6.2973744174611311e-04
    -8.4432223392918223e-03 -6.5540857684424599e-04
    9.9999517042308428e-01 -3.0380207543866775e-03
    8.4412684066822816e-03 3.0434456231627099e-03 9.9995974040279501e-01</data></R>
<T type_id="opencv-matrix">
  <rows>3</rows>
  <cols>1</cols>
  <dt>d</dt>
  <data>
    -5.0571079591324569e+01 -3.1311200479227475e-01
    6.5619433405261918e-01</data></T>
<E type_id="opencv-matrix">
  <rows>3</rows>
  <cols>3</cols>
  <dt>d</dt>
  <data>
    -2.2129870791912950e-03 -6.5714410427215597e-01
    -3.1110586702331894e-01 1.0830548705719432e+00
    1.5432356098204439e-01 5.0563503225369814e+01 3.4624550124543402e-01
    -5.0570638176053095e+01 1.5099231509662200e-01</data></E>
<F type_id="opencv-matrix">
  <rows>3</rows>
  <cols>3</cols>
  <dt>d</dt>
  <data>
    -4.4090771899396124e-09 -1.3091207150797445e-06
    1.8024895316339314e-04 2.1566262362760033e-06 3.0726062940565813e-07
    7.3250739368760906e-02 -5.2631211454399216e-04
    -7.4921244712749829e-02 1.</data></F>
<R1 type_id="opencv-matrix">
  <rows>3</rows>
  <cols>3</cols>
  <dt>d</dt>
  <data>
    9.9974724766341416e-01 6.7810390028664276e-03
    -2.1434978410759115e-02 -6.8133870318405733e-03
    9.9997575688717910e-01 -1.4364522503992967e-03
    2.1424718121423478e-02 1.5821339876682591e-03 9.9976921252130124e-01</data></R1>
<R2 type_id="opencv-matrix">
  <rows>3</rows>
  <cols>3</cols>
  <dt>d</dt>
  <data>
    9.9989666435679603e-01 6.1908832418047892e-03
    -1.2974342867335405e-02 -6.1712923594158964e-03
    9.9997975695139474e-01 1.5494637924568884e-03 1.2983672776508626e-02
    -1.4692352146136484e-03 9.9991462915046747e-01</data></R2>
<P1 type_id="opencv-matrix">
  <rows>3</rows>
  <cols>4</cols>
  <dt>d</dt>
  <data>
    3.9210554283544042e+02 0. 6.5632072448730469e+02 0. 0.
    3.9210554283544042e+02 4.8955181121826172e+02 0. 0. 0. 1. 0.</data></P1>
<P2 type_id="opencv-matrix">
  <rows>3</rows>
  <cols>4</cols>
  <dt>d</dt>
  <data>
    3.9210554283544042e+02 0. 6.5632072448730469e+02
    -1.9831249889893490e+04 0. 3.9210554283544042e+02
    4.8955181121826172e+02 0. 0. 0. 1. 0.</data></P2>
<Q type_id="opencv-matrix">
  <rows>4</rows>
  <cols>4</cols>
  <dt>d</dt>
  <data>
    1. 0. 0. -6.5632072448730469e+02 0. 1. 0. -4.8955181121826172e+02 0.
    0. 0. 3.9210554283544042e+02 0. 0. 1.9772104381341457e-02 0.</data></Q>
<Roi0>
  162 179 978 610</Roi0>
<Roi1>
  182 188 956 600</Roi1>
</opencv_storage>
